513	466.62
513	570.73
204	433.48
700	383.91
759	391.87
968	665.82
605	578.74
637	71.97
759	149.48
759	512.85
700	24.20
637	314.11
530	201.24
700	45.09
590	119.82
590	551.66
637	292.90
700	31.15
700	221.07
605	556.40
132	124.03
590	627.41
968	429.75
590	176.47
530	552.79
637	339.32
530	47.31
637	637.23
871	93.66
637	112.72
637	228.44
128	60.54
590	284.03
968	629.67
525	578.01
128	615.64
204	80.05
132	62.23
525	317.25
530	139.24
530	72.34
128	361.26
700	192.59
132	311.00
590	526.81
590	24.23
759	520.02
530	304.55
759	182.06
132	508.88
759	312.69
132	192.23
968	331.46
132	81.14
530	211.94
530	654.61
759	561.33
132	29.15
132	627.44
968	414.37
132	571.52
637	609.65
128	368.48
204	42.55
759	337.72
637	417.78
513	175.99
204	669.32
128	658.67
968	269.76
759	402.07
525	80.18
700	256.00
132	200.19
871	204.32
204	71.63
132	58.21
590	252.90
871	93.59
700	651.77
968	593.90
871	312.64
204	520.04
968	129.30
530	321.54
759	531.56
605	115.59
590	427.87
605	525.14
637	367.87
700	250.11
132	115.94
637	502.83
968	437.80
637	459.54
590	38.22
132	450.59
132	61.99
530	104.16
605	10.42
128	367.69
530	497.90
525	382.77
204	638.69
759	415.30
759	65.30
871	205.13
525	292.49
871	30.21
525	235.66
968	529.81
128	17.30
871	611.29
637	158.71
513	609.37
871	243.39
637	548.05
759	260.16
525	501.54
605	261.05
530	212.74
637	361.81
700	14.59
590	131.48
132	358.36
605	500.64
968	543.02
530	419.15
204	378.79
128	446.57
759	506.56
968	607.03
513	140.13
871	472.55
530	294.56
700	120.48
513	343.59
759	456.73
530	372.49
132	609.87
637	275.14
530	10.45
530	489.50
759	151.47
132	625.13
968	73.29
968	345.64
700	30.46
204	239.35
128	203.03
871	520.36
128	78.41
525	314.70
530	504.03
871	454.16
525	508.48
525	341.43
605	28.82
530	494.76
968	413.37
637	74.34
530	469.24
513	380.81
605	300.78
530	241.80
759	390.10
968	472.29
525	648.66
204	38.21
128	249.64
590	627.08
525	194.35
968	92.32
871	253.07
132	199.81
525	304.33
759	158.46
968	131.48
513	217.63
759	270.08
605	641.96
132	229.21
605	360.80
513	310.39
132	521.81
871	614.43
513	170.21
132	351.91
204	322.27
968	606.76
530	203.92
204	449.21
132	201.97
128	667.13
525	34.29
968	346.51
204	293.23
968	453.85
530	369.76
759	298.98
700	478.28
605	279.04
530	182.30
871	235.38
204	126.10
700	411.53
700	139.89
637	101.28
759	407.66
605	521.67
871	642.13
605	475.18
513	595.29
590	4.78
871	254.78
968	8.43
590	167.68
132	273.22
513	502.66
637	372.26
525	97.30
759	60.60
637	569.31
871	177.43
871	327.03
530	335.62
871	431.34
968	557.23
968	433.33
513	649.59
132	262.44
204	591.14
759	539.12
871	161.30
513	110.32
513	38.64
637	133.07
700	339.95
605	627.26
530	116.00
968	475.55
513	342.04
871	314.56
700	637.11
759	115.69
513	249.76
590	499.53
605	162.23
590	510.43
637	359.53
605	470.21
590	156.62
637	515.13
513	261.11
132	101.62
530	551.01
590	464.93
132	343.15
132	478.00
871	1.00
128	95.08
871	556.84
637	357.28
637	566.29
759	24.28
968	47.44
525	366.40
605	582.87
590	492.07
637	35.93
605	412.04
204	229.63
871	289.13
968	197.54
759	44.33
968	619.77
637	632.61
700	507.14
605	504.96
871	348.63
605	204.81
968	622.07
871	226.28
871	657.01
700	98.58
513	132.86
637	501.64
637	362.99
637	541.48
871	524.50
871	14.36
759	408.80
590	437.62
204	289.39
530	648.34
590	254.06
204	404.03
513	415.54
968	239.94
605	146.93
871	224.11
128	514.77
968	453.26
525	185.57
700	245.17
871	611.12
871	488.57
132	33.30
132	63.34
590	362.17
513	399.76
968	433.40
759	225.12
700	399.53
128	122.61
871	479.49
513	31.65
871	530.23
530	486.06
204	651.50
132	520.09
637	128.50
637	294.24
700	52.37
871	179.30
525	365.72
525	605.30
513	134.00
590	415.32
637	333.12
871	291.82
204	578.90
759	447.09
204	631.63
700	8.93
700	200.78
530	529.64
871	560.20
204	132.09
700	53.46
590	195.63
132	659.50
700	506.78
871	667.17
513	102.20
968	0.44
132	571.44
128	478.92
605	572.20
128	445.23
132	185.73
513	368.52
759	447.02
513	157.84
128	489.95
590	171.13
871	350.25
759	29.33
204	628.64
637	153.29
132	644.28
871	282.49
132	116.37
513	540.96
132	237.51
525	265.00
525	117.98
871	596.62
637	122.06
132	471.33
700	659.50
700	420.75
204	330.25
759	160.70
590	609.43
204	161.36
871	425.67
590	199.03
132	27.24
590	216.79
530	257.60
128	3.37
871	468.72
605	463.15
530	325.20
590	192.67
637	396.21
871	420.76
871	141.42
759	144.13
700	540.71
530	289.91
871	622.35
530	194.32
590	142.59
590	566.89
128	343.16
132	326.99
759	281.57
871	593.74
128	382.19
759	586.41
871	402.01
590	185.23
132	28.15
637	444.82
637	306.11
590	56.23
132	321.72
525	13.48
700	284.19
700	649.39
132	540.92
871	652.59
525	435.78
605	370.72
871	222.04
871	580.48
700	352.15
513	573.68
637	363.84
637	473.42
605	333.01
530	481.28
525	204.43
128	305.20
637	578.28
590	577.11
590	148.68
590	74.13
204	339.72
968	127.30
513	580.97
968	422.62
525	66.70
525	326.05
590	247.68
605	482.94
525	337.03
637	57.43
605	489.72
204	19.61
968	97.43
605	70.24
590	297.13
530	447.53
132	322.06
525	546.37
132	277.83
759	17.33
128	552.24
204	217.38
513	57.09
605	522.09
700	416.71
590	291.11
513	63.11
513	247.78
759	622.24
525	508.72
637	516.85
968	60.87
700	410.45
132	453.64
132	306.60
513	163.49
132	91.29
132	387.94
759	625.23
204	132.32
871	41.68
968	309.25
759	80.32
525	56.92
871	303.79
590	563.55
637	638.06
513	221.38
204	61.18
968	279.59
204	139.84
871	657.12
590	38.60
530	181.43
605	145.65
530	383.93
525	0.58
605	152.77
759	63.31
590	179.01
204	554.86
605	561.10
