204	267.41
759	164.17
128	72.63
637	234.93
513	82.55
759	154.38
132	7.73
637	114.79
871	8.29
968	181.11
637	126.05
204	207.11
759	70.76
204	199.87
700	168.07
132	147.90
637	281.41
605	250.86
759	281.61
871	53.81
128	278.75
204	16.08
128	279.85
968	10.52
530	158.86
525	244.77
204	107.89
637	125.72
128	221.84
525	27.84
530	24.57
871	246.28
530	16.52
513	180.12
871	284.14
637	25.16
204	264.10
590	142.35
128	288.11
968	244.28
128	9.26
700	122.03
871	233.94
132	184.06
530	68.55
637	17.65
525	147.35
637	179.57
871	107.62
871	247.07
132	259.08
513	251.21
700	170.45
204	261.75
132	93.02
204	101.97
590	286.89
968	212.50
132	228.72
204	37.43
204	254.65
513	87.59
590	62.83
759	6.30
530	8.50
513	233.44
530	249.26
968	270.26
530	184.91
605	37.65
968	213.36
968	202.48
530	232.84
530	162.80
590	6.20
128	274.48
968	261.10
525	69.42
968	104.41
530	236.31
590	211.59
590	114.17
530	239.05
530	81.04
513	54.66
513	246.85
204	284.30
759	60.75
132	122.32
759	280.16
590	29.29
204	236.98
637	96.38
530	220.23
525	239.43
204	170.83
513	274.23
530	207.05
968	33.09
700	31.04
759	110.14
513	74.35
132	200.10
871	168.27
700	263.06
530	150.17
605	16.28
204	132.23
530	130.85
605	74.30
700	246.86
204	7.03
525	41.18
132	142.74
700	112.00
530	66.70
204	129.98
968	127.76
968	183.13
530	77.56
871	248.13
530	222.40
871	52.79
128	33.48
871	147.14
204	271.61
525	58.60
530	257.48
530	66.27
513	194.82
128	224.32
700	231.27
530	28.35
700	92.79
871	99.70
132	270.36
525	259.42
204	92.55
204	45.05
132	284.35
590	143.08
132	86.29
968	25.15
132	92.03
590	252.39
871	36.91
204	254.71
128	223.10
132	15.79
605	96.28
132	253.59
132	159.82
968	166.20
871	3.93
590	267.79
525	252.88
871	13.69
525	121.78
204	284.75
968	6.52
605	55.28
132	137.30
590	224.75
525	119.45
759	244.66
530	264.17
132	195.86
637	273.78
871	206.44
128	165.22
525	33.90
590	145.98
700	250.98
590	10.42
132	26.78
590	213.85
637	210.82
700	242.98
700	199.68
871	17.42
637	279.84
530	11.84
513	191.26
968	217.56
605	37.05
513	109.01
132	32.80
525	187.39
204	23.29
637	11.15
513	129.67
700	140.44
637	272.59
204	106.21
590	63.02
530	55.62
204	275.13
637	55.15
871	243.08
871	250.49
968	188.40
759	62.40
530	240.72
132	216.93
700	223.87
968	32.86
525	255.65
530	172.66
204	2.83
530	168.82
590	263.04
132	271.35
590	264.41
513	23.68
759	119.01
700	159.75
700	41.35
590	281.38
513	80.38
968	25.85
759	241.54
513	42.45
968	140.54
605	38.94
871	23.87
590	230.17
968	122.09
128	190.40
128	167.32
700	61.93
204	85.81
605	262.48
132	265.02
530	86.59
637	231.47
590	71.11
590	116.88
590	48.20
637	169.09
871	42.88
132	47.05
204	62.74
968	27.19
700	157.64
204	23.93
128	154.42
132	145.47
132	115.68
128	111.48
605	209.53
513	75.89
637	234.14
700	152.49
530	111.83
759	280.85
590	231.99
759	21.02
700	212.30
637	38.20
132	237.68
637	0.66
605	216.01
525	144.57
128	142.10
590	240.14
590	53.41
204	16.40
530	178.39
128	94.43
128	95.46
204	229.41
128	151.66
590	155.02
132	93.46
637	258.50
759	19.84
700	49.94
132	200.27
128	9.14
590	44.80
590	254.38
590	212.54
530	273.99
530	235.42
637	128.64
605	285.62
204	19.18
590	114.31
590	226.05
871	271.74
637	50.46
700	255.02
204	234.61
759	191.95
204	163.37
204	137.16
700	71.33
759	276.61
590	92.82
605	143.38
700	186.80
128	145.95
128	200.31
204	18.57
204	3.17
871	72.15
128	40.04
605	205.73
128	241.04
128	224.00
968	134.61
204	226.92
759	191.94
590	110.33
605	42.72
128	14.82
132	94.32
513	229.72
530	100.28
968	129.63
637	240.15
700	255.03
590	177.83
759	159.77
605	126.38
530	80.42
128	200.21
871	177.64
637	161.07
700	177.49
525	83.61
700	82.73
132	10.16
525	163.32
759	38.14
132	224.17
530	138.76
605	166.17
637	43.77
605	238.38
637	129.92
128	235.03
968	145.98
128	87.93
128	234.57
700	165.30
590	13.49
132	68.66
637	85.01
530	244.38
530	59.22
513	50.58
590	199.88
759	107.10
204	157.95
590	240.19
637	181.72
132	222.85
700	200.41
128	283.01
525	285.57
700	182.20
968	216.40
968	100.65
637	140.17
132	193.07
204	212.66
530	210.06
530	82.71
700	249.12
759	273.21
128	264.41
759	52.62
525	269.12
530	14.58
968	271.32
759	203.39
590	206.24
871	268.34
525	45.29
968	232.48
132	174.75
605	31.50
590	36.25
700	247.48
132	178.82
530	229.23
637	99.94
590	169.17
759	154.29
637	139.48
132	175.23
132	236.51
700	141.09
700	278.85
700	285.95
530	241.47
605	138.36
590	3.92
132	222.89
204	125.41
871	265.55
204	77.42
530	104.48
637	275.58
132	117.21
637	131.40
513	206.14
128	228.76
132	12.09
530	124.41
525	133.77
530	52.09
590	67.77
968	269.71
871	160.09
759	169.31
700	164.57
759	177.08
968	184.03
513	79.47
513	66.10
637	234.88
700	166.06
605	116.67
605	105.50
637	274.36
513	107.69
204	283.70
513	99.94
530	72.48
968	103.40
700	213.32
128	50.41
590	13.24
132	12.13
204	29.21
871	50.88
204	58.08
605	166.25
968	254.71
700	283.33
605	69.29
759	272.58
590	5.99
968	109.73
530	54.59
590	179.60
871	196.94
590	196.00
605	121.25
204	14.04
637	71.39
700	151.83
605	225.78
513	146.08
700	102.27
128	210.52
590	286.14
132	6.95
132	82.88
132	186.26
968	143.75
871	6.76
132	34.89
968	104.66
590	101.87
128	13.20
132	275.19
513	128.32
871	270.10
513	200.12
132	78.26
513	165.89
204	124.79
700	222.70
700	136.04
759	152.96
605	99.59
132	286.81
871	177.79
128	212.31
637	165.52
590	262.94
513	257.64
637	209.93
590	204.16
132	144.16
871	260.92
700	1.65
513	44.60
700	143.79
